BA1F9380--78[120] 0[0] 0[0] 0[0] 0[0] 0[0] 0[0] 0[0] 1[1] 0[0] 0[0] 0[0] 0[0] 0[0] 0[0] 0[0] 1[1] 0[0] 0[0] 0[0] 0[0] 0[0] 0[0] 0[0] 68[104] FC[252] 6F[111] 0[0] 0[0] 0[0] 0[0] 0[0] 
BA1F9380--78[120] 0[0] 0[0] 0[0] 0[0] 0[0] 0[0] 0[0] 1[1] 0[0] 0[0] 0[0] 0[0] 0[0] 0[0] 0[0] 2[2] 0[0] 0[0] 0[0] 0[0] 0[0] 0[0] 0[0] 68[104] FC[252] 6F[111] 0[0] 0[0] 0[0] 0[0] 0[0] 
BA1F9380--78[120] 0[0] 0[0] 0[0] 0[0] 0[0] 0[0] 0[0] 1[1] 0[0] 0[0] 0[0] 0[0] 0[0] 0[0] 0[0] 3[3] 0[0] 0[0] 0[0] 0[0] 0[0] 0[0] 0[0] 68[104] FC[252] 6F[111] 0[0] 0[0] 0[0] 0[0] 0[0] 
BA1F9380--78[120] 0[0] 0[0] 0[0] 0[0] 0[0] 0[0] 0[0] 1[1] 0[0] 0[0] 0[0] 0[0] 0[0] 0[0] 0[0] 3[3] 0[0] 0[0] 0[0] 0[0] 0[0] 0[0] 0[0] 68[104] FC[252] 6F[111] 0[0] 0[0] 0[0] 0[0] 0[0] 
BA1F9380--78[120] 0[0] 0[0] 0[0] 0[0] 0[0] 0[0] 0[0] 1[1] 0[0] 0[0] 0[0] 0[0] 0[0] 0[0] 0[0] 3[3] 0[0] 0[0] 0[0] 0[0] 0[0] 0[0] 0[0] 68[104] FC[252] 6F[111] 0[0] 0[0] 0[0] 0[0] 0[0] 
BA1F9380--78[120] 0[0] 0[0] 0[0] 0[0] 0[0] 0[0] 0[0] 1[1] 0[0] 0[0] 0[0] 0[0] 0[0] 0[0] 0[0] 4[4] 0[0] 0[0] 0[0] 0[0] 0[0] 0[0] 0[0] 68[104] FC[252] 6F[111] 0[0] 0[0] 0[0] 0[0] 0[0] 
BA1F9380--78[120] 0[0] 0[0] 0[0] 0[0] 0[0] 0[0] 0[0] 1[1] 0[0] 0[0] 0[0] 0[0] 0[0] 0[0] 0[0] 4[4] 0[0] 0[0] 0[0] 0[0] 0[0] 0[0] 0[0] 68[104] FC[252] 6F[111] 0[0] 0[0] 0[0] 0[0] 0[0] 
BA1F9380--78[120] 0[0] 0[0] 0[0] 0[0] 0[0] 0[0] 0[0] 1[1] 0[0] 0[0] 0[0] 0[0] 0[0] 0[0] 0[0] 4[4] 0[0] 0[0] 0[0] 0[0] 0[0] 0[0] 0[0] 68[104] FC[252] 6F[111] 0[0] 0[0] 0[0] 0[0] 0[0] 
BA1F9380--78[120] 0[0] 0[0] 0[0] 0[0] 0[0] 0[0] 0[0] 1[1] 0[0] 0[0] 0[0] 0[0] 0[0] 0[0] 0[0] 4[4] 0[0] 0[0] 0[0] 0[0] 0[0] 0[0] 0[0] 68[104] FC[252] 6F[111] 0[0] 0[0] 0[0] 0[0] 0[0] 
BA1F9380--78[120] 0[0] 0[0] 0[0] 0[0] 0[0] 0[0] 0[0] 1[1] 0[0] 0[0] 0[0] 0[0] 0[0] 0[0] 0[0] 4[4] 0[0] 0[0] 0[0] 0[0] 0[0] 0[0] 0[0] 68[104] FC[252] 6F[111] 0[0] 0[0] 0[0] 0[0] 0[0] 
